7685
-7218
-7538
76 -1349 -3207
-2039 -9958
8538
-6882 7950
9528
2234
8973
-5034
-7851
7578
-1198
-2007
6195
-6812
8601
-9573
2422
1926
2285
-590
5665
1298
9521
107
-2442
121
1947
-3832
6224
-8836
7113
-4466
-2294
-7199
-7759
4682
-4971
-1165
1163
3196
-7997
-5903
4358
-8611
-8079
2092
9060
-3572
7124
1592
9654
-8367
-2360
-8165
-9120
-4999
-5044
-133
3654
9266
-6352
-4078
-4068
5405
-721
6084
-6164
-1468
-4028
-2942
-2629
-5944
-1101
-8334
3393
-6603
-8321
-3707
-502
6452
-1413
-3668
-4543
2551
-6967
-9947
-8126
-1143
8322
7016
-8879
5015
-3429